2026-04-06_16-55-16,0,main.go:2026-04-06_16-55-16
2026-04-06_17-16-25,0,main.go:2026-04-06_17-16-25
2026-04-06_17-17-09,0,main.go:2026-04-06_17-16-25
2026-04-06_17-36-36,0,main.go:2026-04-06_17-36-36
2026-04-06_17-36-37,0,main.go:2026-04-06_17-36-36
2026-04-06_17-36-39,0,main.go:2026-04-06_17-36-36
2026-04-06_17-38-06,33,main.go:2026-04-06_17-38-06
2026-04-06_17-42-03,33,main.go:2026-04-06_17-42-03
2026-04-06_17-42-21,50,main.go:2026-04-06_17-42-21
2026-04-06_17-42-33,50,main.go:2026-04-06_17-42-21
2026-04-06_17-42-49,33,main.go:2026-04-06_17-42-49
2026-04-06_17-43-16,50,main.go:2026-04-06_17-43-16
2026-04-06_19-24-06,50,main.go:2026-04-06_17-43-16
2026-04-06_19-24-08,50,main.go:2026-04-06_17-43-16
2026-04-06_19-24-14,50,main.go:2026-04-06_17-43-16
2026-04-06_19-54-21,66,main.go:2026-04-06_19-54-21
2026-04-06_19-58-17,66,main.go:2026-04-06_19-58-17
2026-04-06_19-58-38,66,main.go:2026-04-06_19-58-38
2026-04-06_19-59-08,83,main.go:2026-04-06_19-59-08
2026-04-06_20-11-01,83,main.go:2026-04-06_19-59-08
2026-04-06_20-16-40,100,main.go:2026-04-06_20-16-40
2026-04-06_20-24-38,100,main.go:2026-04-06_20-24-38
2026-04-06_22-00-41,100,main.go:2026-04-06_20-24-38
